"CUS_ID","F20-","F30","F40+","M20-","M30","M40+"
2501,0.103346562557943,0.519646838412133,0.090300372270259,0.0132486952370103,0.204314131877989,0.0691433996446663
2502,0.0916987056890105,0.262041139172199,0.116699008040107,0.0452546831629496,0.28943963635822,0.194866827577514
2503,0.379769693716838,0.297539134791128,0.0304008133127103,0.0303412002890711,0.230951958700073,0.0309971991901787
2504,0.47030827318846,0.0608281635174178,0.034615221146207,0.332945001119373,0.0622474139861338,0.0390559270424085
2505,0.0434395825606766,0.158127012446788,0.351473237840859,0.0439549506821794,0.104050149560049,0.298955066909447
2506,0.0346024115321402,0.382275848152596,0.0696410340928364,0.0184380956182073,0.379847577498026,0.115195033106194
2507,0.00466231545432445,0.0201044558945386,0.0590092714975978,0.0200705061572617,0.11284299549144,0.783310455504838
2508,0.00538756256666444,0.0228176731841177,0.0432686137681489,0.0158703934125424,0.277165246535064,0.635490510533463
2509,0.0127338549810885,0.0338470051360615,0.122895515988601,0.0428004531701264,0.221233104459125,0.566490066264997
2510,0,0.0293898813618314,0.0363611475952545,0.0493131015884006,0.691969700977645,0.192966168476869
2511,0.562762054932894,0.0636468211966505,0.050834945270153,0.269965429945633,0.0322817744969705,0.0205089741576992
2512,0.0448748550570683,0.188745260709316,0.0271614384970908,0.0430942348620457,0.604299800053036,0.0918244108214439
2513,0.00595660987715414,0.0237901581503487,0.052091863613581,0.0220376099765571,0.256936673782004,0.639187084600355
2514,0.225546041114563,0.51101752752415,0.0315402139041882,0.0332050340075442,0.175871236783189,0.0228199466663652
2515,0.00527445832954674,0.028492028376254,0.0474613660855672,0.0169303389241024,0.108771957644421,0.793069850640109
2516,0.0507009243547388,0.0579479202866992,0.0319164805525059,0.516007609313673,0.2690244759048,0.074402589587583
2517,0.020524202153863,0.570116379356528,0.10771973523522,0.00761842948284407,0.138705975744328,0.155315278027216
2518,0.173686052476101,0.485378584641306,0.153543092685764,0.027252654553677,0.0816262269289424,0.0785133887142097
2519,0.139891849949483,0.636371580025212,0.0432746727982142,0.0105931016521629,0.120095202565498,0.0497735930094309
2520,0.0286512341837212,0.0479391934562858,0.0268325160809897,0.167027434684581,0.5980193713935,0.131530250200922
2521,0.0312810339604484,0.0786944236513732,0.346330157948444,0.0380647630466378,0.123803413070985,0.381826208322112
2522,0.383334669580666,0.273460803480084,0.116893512202093,0.0567739532689047,0.0903016970741478,0.0792353643941046
2523,0.036444569497044,0.474815235417967,0.0654612681536039,0.0112110661317657,0.280124878679664,0.131942982119956
2524,0.0177384360570153,0.0925807462092121,0.431923675511683,0.0129670278997935,0.061152928781392,0.383637185540905
2525,0.124317901436999,0.0470363279954476,0.0274596583549593,0.415259148815559,0.296071820235866,0.0898551431611695
2526,0.0457712924637697,0.0955000868130444,0.0696876645843739,0.0559155203768522,0.302747973554838,0.430377462207122
2527,0.566474269993817,0.215360760681688,0.0364345721020371,0.0719421636693876,0.0819589665396369,0.0278292670134331
2528,0.00724247404053007,0.0220929686457028,0.0330416226916163,0.0436831890693219,0.350093529413426,0.543846216139403
2529,0.0582461851882331,0.147408209346413,0.191373364972417,0.100917231010414,0.196523988116327,0.305531021366196
2530,0.00289829533121264,0.0144832511394282,0.0435458300258467,0.0150060480730577,0.0463625137175629,0.877704061712892
2531,0.0548540594784164,0.218243756363265,0.175526195778639,0.049620331541996,0.230652309687492,0.271103347150192
2532,0.070756404480976,0.183510045634068,0.245261404085643,0.058740115357278,0.20641333245136,0.235318697990675
2533,0.00234945482951858,0.0117148615627793,0.0436209466395162,0.00812020025725932,0.0540755476267383,0.880118989084188
2534,0.240463179014354,0.0910632051435825,0.0774127544483084,0.374093229207518,0.120200546519732,0.0967670856665053
2535,0.0145772735107035,0.0572788032515277,0.117985343978369,0.0377629043756056,0.311758162358315,0.460637512525479
2536,0.0898627202397023,0.204616312168493,0.207321164745566,0.0322461762171135,0.336820014542673,0.129133612086452
2537,0.0943316508904482,0.6805195523921,0.061194161192688,0.0110726589932123,0.109204762629284,0.0436772139022678
2538,0.19914186465723,0.134880206066032,0.0866505872843327,0.160559941107918,0.241528084874234,0.177239316010253
2539,0.264332753898711,0.423539484349118,0.0914930149953583,0.0406034111010945,0.10247826575862,0.0775530698970984
2540,0.323938659437943,0.164775950790179,0.0241660388165685,0.151630495832761,0.287505079007747,0.0479837761148018
2541,0.108870406247484,0.0503786604458578,0.0244705683915638,0.535287469240025,0.226373159563242,0.054619736111828
2542,0.10210894132024,0.231326758897201,0.0214510245356249,0.0396620536987137,0.582977044651511,0.0224741768967094
2543,0,0.0185791792428143,0.0648519684360273,0.0101196744326618,0.0842410259155722,0.822208151972925
2544,0.115175288898656,0.0904318443353462,0.1618519488646,0.098676950690048,0.117463558294435,0.416400408916915
2545,0.0317019742467534,0.218890337521894,0.151094739435054,0.0309497931828028,0.297067625990952,0.270295529622543
2546,0.116279578993588,0.0941867216774481,0.0395385063167653,0.340884028818574,0.316132023427885,0.0929791407657405
2547,0.0690878541233366,0.131777067227423,0.677376893562266,0.014648305151967,0.0349404768167139,0.0721694031182936
2548,0.05399115557823,0.073179201827193,0.0475461749675913,0.320629292827084,0.388300250940822,0.116353923859079
2549,0.0137496932838122,0.0543273064552011,0.0510780929265652,0.0641136826127446,0.333904728992724,0.482826495728952
2550,0.0109456036963739,0.0185150315169129,0.0175093144626717,0.178654503812198,0.567983317098549,0.206392229413294
2551,0.100660153106125,0.0632886987377997,0.0448785728010777,0.398346610646104,0.312861264020976,0.079964700687917
2552,0.064338909070101,0.345838651031906,0.276923142177279,0.0203911949250752,0.151868395259784,0.140639707535855
2553,0.413641353745635,0.325984795622466,0.0279263850583883,0.0747600601735039,0.134258743663326,0.0234286617366804
2554,0.0955884802723614,0.252277710004013,0.0777382741961466,0.0578446262749889,0.433317991901346,0.083232917351145
2555,0.0042947345973358,0.0384105139379203,0.0172092273556487,0.0166034868791565,0.813444218959629,0.110037818270309
2556,0.0541404041468664,0.207245387524871,0.493134232344019,0.0299614803751737,0.0959560464079485,0.119562449201122
2557,0.305233924604223,0.199235318665313,0.152825022544576,0.264350246305846,0.0342319879936098,0.0441234998864316
2558,0.0778869976920461,0.156808143236878,0.324482876472581,0.0816548209905557,0.107728439024911,0.251438722583029
2559,0.0523771867684516,0.687629159341113,0.10557036426673,0,0.0706565710647251,0.083766718558981
2560,0.00983982578728174,0.0704621269355204,0.107510651914873,0.02689549589846,0.204103556348812,0.581188343115052
2561,0.0149922536310381,0.136314237442674,0.33218875320005,0.0207970479950539,0.12652229872627,0.369185409004914
2562,0.132930211023593,0.607195180881059,0.0410917993582344,0.0318329028834223,0.166307236567491,0.0206426692862002
2563,0.403520921467157,0.216989456682614,0.130668654138694,0.0938591005831633,0.0951162121191876,0.0598456550091842
2564,0.220623891086968,0.0902979591722435,0.0662649965184159,0.260826957714402,0.142863531521696,0.219122663986274
2565,0.0254573413878688,0.0700113809240558,0.0860169206464071,0.0747415800211989,0.367405263910589,0.37636751310988
2566,0.0134458937256137,0.0424606060138458,0.0933198524274797,0.0694337519503922,0.391349038686072,0.389990857196597
2567,0.018436112399532,0.162989349433281,0.390334668814577,0.0217563101200115,0.145862154678521,0.260621404554077
2568,0,0.0432617494242174,0.0727295808395425,0.0390701930980467,0.340629966071056,0.504308510567138
2569,0.0164261875945687,0.0877900566897225,0.135776721666578,0.0423946382864893,0.229905506746148,0.487706889016494
2570,0.0627582274744502,0.631439044130765,0.113199686010391,0.00560434557606754,0.0972039668289981,0.0897947299793277
2571,0.0373544716038789,0.0390126461203668,0.0192635613862046,0.435179790852621,0.40098824093497,0.068201289101959
2572,0.0654693012682366,0.0891321996592615,0.381736789115494,0.0965822008689838,0.0928052043506252,0.274274304737399
2573,0.0539061370042936,0.230276141424148,0.225588545091731,0.0464825066710945,0.226390472715874,0.217356197092859
2574,0.0220218278362381,0.055152181332124,0.0377343635075138,0.438768635999976,0.334231262964615,0.112091728359533
2575,0.0439096902136184,0.0420413028138047,0.0299248121640392,0.301592942710976,0.467863757405543,0.114667494692019
2576,0.803580926406033,0.0644469176066635,0.044218577047489,0.0582653264000264,0.0135569518045068,0.0159313007352816
2577,0.0348109553691843,0.250842292607391,0.433221147284046,0.0127675603178757,0.106110746988122,0.162247297433381
2578,0.00197490360146105,0.0194124133610613,0.0514193505066851,0.0146262591490679,0.136450386570742,0.776116686810983
2579,0.0774957038638749,0.232393648167314,0.321265548414294,0.0368679768553253,0.148433432820884,0.183543689878308
2580,0.0194843267003778,0.220159013676897,0.21101567329862,0.00521879253349631,0.122417742462139,0.42170445132847
2581,0.007649104239865,0.0443780475615974,0.0552353170213977,0.0283635427635706,0.569018329829757,0.295355658583812
2582,0.240507128082099,0.448317972403137,0.0699449226873757,0.0514667190790346,0.132683275517731,0.0570799822306227
2583,0.162449617681363,0.349849464744592,0.27409687135997,0.0294942343365148,0.0867862825969737,0.097323529280586
2584,0.393875991078105,0.41419210779892,0.0429816150598003,0.0394430301939611,0.0834115954083207,0.0260956604608921
2585,0.0120862540332978,0.0501110787212711,0.0588406573382526,0.203559520192242,0.354117693330331,0.321284796384605
2586,0.139099421631552,0.334435857996638,0.122372724466686,0.0472304395020032,0.199960194923406,0.156901361479715
2587,0.324452232533072,0.0607712498219607,0.0464825141845114,0.428875618514911,0.0828079726758576,0.0566104122696872
2588,0.00855209039435493,0.0175426462736623,0.0129934563273206,0.123749041515998,0.76140618988395,0.0757565756047149
2589,0.0745111050522565,0.0937343201737142,0.0262440724657133,0.164904930260566,0.557567712148675,0.0830378598990753
2590,0.0089254720798613,0.056708270360336,0.0610925135600738,0.0397698180919229,0.569238697675023,0.264265228232783
2591,0.0270949750325556,0.108384401055074,0.591430568951005,0.0162967890598977,0.0577472772395245,0.199045988661943
2592,0.01464793197326,0.0302514070459056,0.020302301317505,0.116518785240478,0.657713466717694,0.160566107705158
2593,0.275082026094046,0.202359258614546,0.0496362883942252,0.162602818882802,0.250994424489868,0.0593251835245119
2594,0.0425072073237084,0.0924424497881582,0.0942855826995308,0.0757210614959879,0.369911410178345,0.32513228851427
2595,0.147158591955011,0.190452679695633,0.125644145577115,0.155832870232893,0.217778981239908,0.163132731299441
2596,0.777715621832331,0.0848479289269519,0,0.104957775219879,0.0275167845630321,0.00496188945780552
2597,0.0110661205767701,0.0333439757174908,0.112067690115246,0.0194673876449218,0.0872508427448505,0.73680398320072
2598,0.0148701982692088,0.0786484532775773,0.0904733366059804,0.0248844105360627,0.457220412976138,0.333903188335033
2599,0.242921691591542,0.132479001916869,0.0925138512907032,0.12507222067297,0.339866837319934,0.0671463972079821
2600,0.0336788852012383,0.0784533374649902,0.0575981310744667,0.124436884417899,0.539486473782551,0.166346288058854
2601,0.0102151795296908,0.0489530818855421,0.205350598657813,0.0325690412948975,0.119076850816162,0.583835247815895
2602,0.0331226315637241,0.0833056439291167,0.0965776977242975,0.0654725890012735,0.343106439700805,0.378414998080784
2603,0.0429409816119398,0.435099513285251,0.0301295495299585,0.0115006920894924,0.421963908876886,0.0583653546064724
2604,0.0584350561180589,0.107324308932153,0.553104568710905,0.030691870605775,0.06863887745736,0.181805318175748
2605,0.0157088633733039,0.0554871399031303,0.112616208509175,0.0254000511001549,0.141415529695766,0.64937220741847
2606,0.0189913685324369,0.0482699367992121,0.103125235451857,0.0462485109467558,0.355899591845429,0.427465356424309
2607,0.00873133407202556,0.0278897933049783,0.0784077128459946,0.026843382115547,0.094729960745514,0.763397816915941
2608,0.553989295153208,0.0854817486748083,0.0467910248806034,0.129940470355933,0.118550506829774,0.0652469541056729
2609,0.0304183768988576,0.0345542208520225,0.0287003231864617,0.460090398606999,0.319708793531232,0.126527886924428
2610,0.103095653460341,0.137050314247322,0.0600315248933172,0.094040008630128,0.506552267592542,0.0992302311763497
2611,0.0534837678514532,0.11488560118186,0.250904627809731,0.0760192091209542,0.176539228297546,0.328167565738456
2612,0.0156632026493324,0.123319619827126,0.115092890069817,0.0265272091457516,0.27219568493046,0.447201393377513
2613,0.39991341641566,0.259186174842913,0.0290654143885189,0.0612236865898129,0.236702502077616,0.0139088056854792
2614,0.0822059760629374,0.123976494750995,0.0662577198484707,0.16638353975724,0.374403760598825,0.186772508981532
2615,0.620928435297672,0.1645550927812,0.0883245704688578,0.0366791805846648,0.0593734835023344,0.0301392373652714
2616,0.012515371032617,0.0500055508220044,0.0693997412036636,0.0508549887509053,0.37603932519918,0.44118502299163
2617,0.349101193458945,0.32225252604634,0.112210343807133,0.0634715737670409,0.0986880168735273,0.0542763460470141
2618,0.0630416164541265,0.0979422757745666,0.0695166294122221,0.14096194562223,0.411005920517181,0.217531612219674
2619,0.0252132030912747,0.0329300473855798,0.0196580609281587,0.10399636410269,0.70126213811113,0.116940186381166
2620,0.0258026601468939,0.223454412879015,0.304215971593364,0.021439615368871,0.187218631482334,0.237868708529522
2621,0.0550723083307917,0.148404504533706,0.0240442465923303,0.0905780870526044,0.609036019802318,0.0728648336882498
2622,0,0.00853691870976176,0.0355287473859788,0.0104708634737304,0.0555410564053241,0.889922414025205
2623,0.451098563333977,0.162695949058581,0.0182691512146405,0.163519761307036,0.182619477446625,0.0217970976391413
2624,0.00716069010600509,0.0195587340047618,0.130360441184228,0.0106542304143618,0.0478029439459248,0.784462960344719
2625,0.0540587585101751,0.257900417701201,0.393307506610126,0.0149457578984993,0.0403100851600028,0.239477474119996
2626,0.00532624023840624,0.0222383899295628,0.0458425806469549,0.012957675896959,0.165866632208116,0.747768481080001
2627,0.0542900378734302,0.162876753281352,0.454719341813502,0.0369018447200948,0.0683475331288209,0.2228644891828
2628,0.159921972845828,0.119970392854911,0.0345098788079859,0.317595168821513,0.315221706298909,0.052780880370854
2629,0.00890533331360808,0.115064240449674,0.041147034276829,0.0160981598575762,0.663583593140975,0.155201638961337
2630,0.156156522529897,0.132853355774916,0.124399260524958,0.274223856874601,0.166037038627719,0.14632996566791
2631,0.026137422108895,0.186101271901147,0.312297439887523,0.0318914532414026,0.212156049476349,0.231416363384683
2632,0,0.00843422266459626,0.0467123313781834,0.0103237323738365,0.0755934643019316,0.858936249281452
2633,0.228050990774315,0.281528570908953,0.0656568245570488,0.0665953627385283,0.289209242491179,0.0689590085299761
2634,0.0447158613192197,0.162212247441548,0.247400686364325,0.0528278891548435,0.152326149608326,0.340517166111738
2635,0.0467663575337707,0.153119233634525,0.057564503841316,0.0600838917384437,0.505899807034062,0.176566206217882
2636,0.0205810168113987,0.0840675706576655,0.126928442727251,0.0553014546207686,0.410643247961455,0.302478267221461
2637,0.00915216191327878,0.0387131718099751,0.0179153700332023,0.0314817096244842,0.712223241987376,0.190514344631683
2638,0.0681837363634236,0.0190108614406537,0.0353447969614082,0.643859799634794,0.137788743555464,0.095812062044257
2639,0.111412206807719,0.0397088722879936,0.030278397041508,0.676690437005271,0.115676780277423,0.0262333065800856
2640,0,0.0348379970609537,0.0659942240880496,0.0450494414057486,0.199995222624934,0.654123114820314
2641,0.310018431934073,0.148043868885426,0.114918953017284,0.190305624934971,0.137559785741674,0.0991533354865729
2642,0.0171054064453804,0.049394392812747,0.131123452574328,0.034323323763751,0.282479151591505,0.485574272812288
2643,0.455196122859456,0.313095241037201,0.0388897187297953,0.0788864342599693,0.0851495442074682,0.0287829389061111
2644,0.0519268417839635,0.418433942418999,0.0926633978279087,0.019000732700952,0.235724841739105,0.182250243529071
2645,0.042019516969659,0.0448392225314125,0.0737594932147842,0.384122225487616,0.191708181632712,0.263551360163817
2646,0,0.0145463763788727,0.0827377366577442,0.0125278073783226,0.0512682034125947,0.838919876172466
2647,0.048292669945204,0.0882729273168605,0.0526909439925092,0.135709926769393,0.46754777685986,0.207485755116174
2648,0.0915125463100813,0.143680182124864,0.679913689238644,0.0118168240713633,0.0177708861057078,0.0553058721493401
2649,0.0372457708411407,0.109965031571137,0.128375050888878,0.0842678231404803,0.311733420951954,0.32841290260641
2650,0.0154665782848663,0.0666625806393373,0.193261457357742,0.0617538391610949,0.119436735003445,0.543418809553515
2651,0.019678565403014,0.071291574671916,0.0388005613737912,0.0606696953585707,0.565757102703658,0.24380250048905
2652,0.0118836171578094,0.0737529499253793,0.0415429974996301,0.020908395286228,0.656725039572421,0.195187000558532
2653,0.179109507578937,0.370238954306854,0.0748454495446994,0.0703188653063759,0.199119574105534,0.1063676491576
2654,0,0.0404523452905066,0.0793663077671271,0.0227733076432813,0.200011956549422,0.657396082749663
2655,0.403280922565515,0.342748471262008,0.0446057107408325,0.0584920609765481,0.122862543959904,0.028010290495193
2656,0.0133381609636941,0.0436920360385006,0.0444162206982213,0.0330455418957374,0.591568444145727,0.273939596258119
2657,0,0.0426044255214868,0.482789022101212,0.0133817104609659,0.0705052248390219,0.390719617077313
2658,0.646445364472241,0.0935451856690776,0.0586820764020325,0.092545146587465,0.0597206354299219,0.0490615914392618
2659,0.133717746591025,0.0463019205086153,0.0293468949679921,0.679342788153016,0.0894512629335358,0.0218393868458158
2660,0,0.0240388084774615,0.0385981951980496,0.0313323095539304,0.319022576062459,0.587008110708099
2661,0,0.0251600371785276,0.113615361430475,0.0227647619538377,0.0661001402579534,0.772359699179206
2662,0,0,0.0732373019370278,0.00996982653601718,0.0828981356428031,0.833894735884152
2663,0.00722659455596157,0.0352181283963931,0.0369047443751842,0.0394652389509038,0.275586606772912,0.605598686948645
2664,0.0245809603843195,0.067560137892485,0.0227390756704382,0.0626119846222593,0.731230749533918,0.0912770918965797
2665,0.235695366922241,0.392065389165524,0.107035763858188,0.0425669115341085,0.128905787009403,0.0937307815105351
2666,0,0.0152482363898858,0.421374922339088,0.0111316285486521,0.0307836441700656,0.521461568552309
2667,0.117187755034276,0.272923153135376,0.176381814561196,0.065380190147298,0.24241752227018,0.125709564851673
2668,0.00571240466998382,0.0781681803658696,0.581867142598125,0.00517340663707112,0.052420561895021,0.276658303833929
2669,0.0849641492805663,0.198608656482995,0.218260781253941,0.0614912427608769,0.147295880587665,0.289379289633955
2670,0.0139287500198713,0.0696031212098511,0.331882394299305,0.0367571005255982,0.183668731738011,0.364159902207363
2671,0.012888331151605,0.0397810403627928,0.0456161346882384,0.0321299465361953,0.29082723011674,0.578757317144429
2672,0.00402852093466722,0,0.0759767387919243,0.0271742865870421,0.128315956620374,0.764504497065993
2673,0.242854170138837,0.197258167050135,0.0854971131938065,0.191360066345924,0.200480207244004,0.0825502760272943
2674,0.056406451090881,0.06703369362722,0.0944497963197212,0.252557952275994,0.286482000561944,0.24307010612424
2675,0.604573698338795,0.171763507558212,0.0228181041169465,0.133511868952473,0.0537278437126266,0.0136049773209468
2676,0.0124740589065143,0.0343080486250725,0.0252352878995458,0.0997099930995724,0.642242838622496,0.186029772846799
2677,0.0220655390056397,0.144908112956019,0.228913781425187,0.0292408043155749,0.254327256748416,0.320544505549164
2678,0.216390466904592,0.208110510626706,0.0648191743211691,0.0407577856328594,0.362186846221698,0.107735216292975
2679,0.00742114295325803,0.0176885404253305,0.0329792031045557,0.0660872828534882,0.285594526322478,0.59022930434089
2680,0.234920369644608,0.146719565255645,0.155702871262843,0.279364574340632,0.111940339767062,0.0713522797292107
2681,0.0128346026200746,0.156187631748093,0.084705122314566,0.0110112438277994,0.579961175309241,0.155300224180226
2682,0.0179215507363446,0.0436208570343588,0.0646083615638023,0.0847038647493004,0.178930846878953,0.610214519037241
2683,0.706750192442128,0.122085616807226,0.0217625135713987,0.0779869423509325,0.0592512705176827,0.0121634643106318
2684,0.0146633405187607,0.0501119585477726,0.0308350477242596,0.0774696861350719,0.511752886889756,0.315167080184379
2685,0.0588690911473688,0.0741435451265508,0.126860629088042,0.0726648732536701,0.110450551044516,0.557011310339852
2686,0.0137341609640697,0.244068218504116,0.157829416354829,0.0485514852412687,0.1349823576191,0.400834361316616
2687,0.381651751761847,0.127306162361017,0.0809470836877868,0.186274752740209,0.128159485700663,0.0956607637484772
2688,0.0517437316899276,0.229098479049143,0.0822005110031537,0.0661941460058181,0.418230745351696,0.152532386900262
2689,0.264908513326282,0.416463003714121,0.0985156303186677,0.0429573431492731,0.136151388584763,0.0410041209068931
2690,0.0229789232053109,0.0362078203683193,0.0263837368544603,0.521044741726889,0.314966808745158,0.0784179690998622
2691,0.0183679863746054,0.147237703048644,0.0984968004545347,0.0288330218079772,0.170959740072922,0.536104748241317
2692,0.0685434118707704,0.158856525279755,0.406781951040322,0.0500212207770557,0.109542258667738,0.206254632364358
2693,0.0172092620969623,0.0519380662939391,0.167918470065207,0.0333658789040336,0.069494962808317,0.660073359831541
2694,0.00407899925650516,0.0233959442882676,0.0379976385354143,0.0446076356325462,0.331781448806568,0.558138333480699
2695,0.609404973983897,0.167984362885461,0.0315607118592019,0.111854289178384,0.0552164070875654,0.0239792550054903
2696,0.0222021298225639,0.0977767227379082,0.345631254269604,0.0278183928483465,0.0907451365108829,0.415826363810695
2697,0.0807109133552536,0.199127950960507,0.25852181466448,0.205091198196201,0.0925130237337955,0.164035099089763
2698,0.014931914317508,0.0726568695877447,0.118426873892978,0.0419153582472421,0.303848553460235,0.448220430494292
2699,0.00810115965267143,0.0990310225612496,0.693808301865129,0.00618282462441506,0.0337915051896499,0.159085186106885
2700,0.00391699637763149,0.0258178541394395,0.0752066691819406,0.015168371084745,0.348028570479563,0.531861538736681
2701,0.0107588013564141,0.0446602591726098,0.0923480047721085,0.0459917838670829,0.266432160923708,0.539808989908076
2702,0.500004519389026,0.205966531144362,0.09600385123494,0.0708970778582419,0.0765184915423253,0.0506095288311045
2703,0.0285768285193989,0.0818313036204318,0.0872413538122003,0.116684907477028,0.401818616948989,0.283846989621952
2704,0.0171103668893549,0.119471806943917,0.736360798969976,0.0154722759623541,0.0450272559107162,0.0665574953236815
2705,0.0261663759037669,0.145579930897007,0.363469186574957,0.0408740388558701,0.135910770333155,0.287999697435244
2706,0.0114634976341004,0.0355605598607416,0.0664187877647898,0.0509857830480342,0.488290869257256,0.347280502435078
2707,0.0105246549507642,0.0282222436142053,0.0167151109614794,0.117446932621758,0.700730009262261,0.126361048589531
2708,0.429103709532662,0.340073595885945,0.0331595551857727,0.0786822656095685,0.089497354721013,0.0294835190650389
2709,0.0298620054169188,0.139799675973215,0.295705755178236,0.0270983987482853,0.102357049450413,0.405177115232933
2710,0.0223101320371252,0.0827185303617066,0.373794782532509,0.0335474976203762,0.0843150217234776,0.403314035724806
2711,0.0510296425537816,0.189773436370115,0.120398079642839,0.0878672329481659,0.315514883274204,0.235416725210895
2712,0.177967797252494,0.127648518472814,0.0544394624880513,0.244764572786694,0.269478545502604,0.125701103497343
2713,0.410185618055138,0.154397574295902,0.143103852928302,0.0707726676120024,0.117216523830476,0.10432376327818
2714,0.01082291039696,0.0716271483513881,0.457797989646137,0.01925469134343,0.0744878905087217,0.366009369753364
2715,0.0441395501787578,0.18757943312843,0.210790616558039,0.0335006347179589,0.309884381535229,0.214105383881586
2716,0.0327191012544601,0.0474325946429293,0.026281953563643,0.374316977167949,0.421470592623232,0.0977787807477865
2717,0.00598772012062018,0.0316634569255465,0.036386417137612,0.0320563404093242,0.578462930066346,0.315443135340552
2718,0.00921426347060032,0.0616471897884863,0.217697603373428,0.0368113803862579,0.153176979522104,0.521452583459123
2719,0.0237287164448085,0.178344496008691,0.169077734226506,0.0328512851221981,0.299681088438501,0.296316679759296
2720,0.0674628869873068,0.146805045736808,0.259723541599608,0.127923363147581,0.174929392085484,0.223155770443211
2721,0.022025744792821,0.0582849926166681,0.0631264285087568,0.0569627048317228,0.29597182798905,0.503628301260981
2722,0.199626660456859,0.547407198223885,0.103246591631294,0.0233309629450487,0.0827821606872417,0.0436064260556722
2723,0.0374732366394751,0.163228592401805,0.299131484566359,0.043200789146163,0.168648762695187,0.288317134551011
2724,0.557141436681914,0.10149973132795,0.031722028387141,0.207132913268328,0.0740163962813407,0.0284874940533257
2725,0.145727901982502,0.0979005483795112,0.0304215311545659,0.602350986300707,0.104165444660642,0.0194335875220724
2726,0.0488714925081554,0.129740233839939,0.0172019798825589,0.051083570073898,0.694935990286194,0.0581667334092549
2727,0.0176317813822392,0.0753097334593615,0.0902900696886864,0.0480911987146988,0.326314085936605,0.442363130818409
2728,0.00646285370117696,0.0278074657124461,0.0669916906359985,0.0429326592043309,0.136911946348114,0.718893384397934
2729,0.0584076853562553,0.462256894082871,0.0499969628251241,0.0391490891928447,0.327180666320813,0.0630087022220912
2730,0.00569926360337993,0.0282798719725548,0.0655846304151024,0.0308388880417994,0.272436998075912,0.597160347891251
2731,0.274607690269477,0.213158785581237,0.0495869563870674,0.11086670956736,0.280612162147921,0.0711676960469375
2732,0.00367096252550058,0.0383962706009228,0.152969275065501,0.00879951810701968,0.0401620030323979,0.756001970668658
2733,0.0670210462628668,0.080378066654312,0.0354770113312214,0.225431050234309,0.523512651676611,0.0681801738406802
2734,0.0489592486410404,0.816529516208191,0.0320449832977147,0,0.0674671093854977,0.0349991424675562
2735,0.0222116445471523,0.171692066775647,0.194300983814698,0.0103718685341472,0.115630236671821,0.485793199656534
2736,0.0651693373141367,0.0359185551904315,0.0297244198413992,0.656455849902601,0.162494579755415,0.0502372579960164
2737,0.469186909168069,0.101931512432505,0.196356727182177,0.0546618450294212,0.0785215937463464,0.0993414124414806
2738,0.0299732069465646,0.180494318860524,0.153785608396087,0.0340360169679844,0.272579093758439,0.329131755070401
2739,0.202115116842565,0.528895931882736,0.0666847997725034,0.0277007377362343,0.117434359652755,0.057169054113207
2740,0.509682269712326,0.14354990049191,0.0320284271902881,0.138892960419752,0.127464567551994,0.0483818746337308
2741,0.118056123251504,0.289816597963053,0.0859639484643974,0.0667561589088325,0.311766470649417,0.127640700762795
2742,0.0230560904160346,0.0210211552744419,0.027743093895987,0.237506815174346,0.606007274148378,0.084665571090813
2743,0.0784381252106655,0.0949950696098213,0.205535161769902,0.0969672529871227,0.0820984342431448,0.441965956179344
2744,0.0448659367540936,0.0721972704028952,0.0324557259482941,0.171946419936087,0.546323869695239,0.132210777263391
2745,0.0378669214419305,0.128236500355411,0.406206637177409,0.046425129433054,0.0812959997986743,0.299968811793521
2746,0.015452091064453,0.0756139025622188,0.077798537726111,0.0281119765372012,0.483969770681178,0.319053721428838
2747,0.0201442956728142,0.0559469983589826,0.0187840834523485,0.087555331212939,0.654459642341095,0.16310964896182
2748,0.00670792237793552,0.0315789847596946,0.0298639669692822,0.0305598272487909,0.596782199561513,0.304507099082784
2749,0.289338198174161,0.0491990301977111,0.0271869948899571,0.527213784696331,0.0660737216691183,0.0409882703727216
2750,0.0161585710190704,0.05098820744146,0.123132629969853,0.0478944572325172,0.235981664128363,0.525844470208736
2751,0.054098162818456,0.300653047833585,0.037451557027765,0.196203578312994,0.331308815352241,0.080284838654959
2752,0.0321694710602716,0.412233398407922,0.23749160032865,0.0446056677548265,0.0969889972590848,0.176510865189245
2753,0.0306168309343736,0.0398307702902851,0.0181029787159158,0.375735647145055,0.474033226489911,0.0616805464244591
2754,0.00671104488048239,0.0675699591068245,0.0319781456881177,0.0127471111537885,0.70969849586766,0.171295243303127
2755,0,0.0129955150316502,0.0311563918865581,0.0127363552336833,0.194752690214447,0.748359047633661
2756,0,0.0113878723338612,0.0520827190066984,0.0111476122249756,0.059618868828619,0.865762927605846
2757,0.0187701585694183,0.136505192413979,0.0792159787379085,0.0246859302871851,0.426885796525539,0.31393694346597
2758,0.0533741532243113,0.308522483679286,0.174499914726268,0.0127126005003266,0.3207875996587,0.130103248211109
2759,0.0305103336435049,0.241219623545055,0.0676787515908657,0.0141694978412799,0.220256119782612,0.426165673596682
2760,0.318631544732347,0.0472430625458703,0.027494861116431,0.485172943877261,0.0891441481102761,0.0323134396178152
2761,0.142039639822676,0.0569341503907263,0.0299666648665185,0.592015029661621,0.141951552341948,0.0370929629165115
2762,0.0066786665795399,0.056446655915375,0.0622386445112709,0.014625836486082,0.616280320334135,0.243729876173597
2763,0.0387413189743431,0.238394485979195,0.12986130644146,0.0345692634091923,0.337620148977379,0.220813476218431
2764,0,0.0225744320117447,0.0572157985573763,0.025737644623092,0.0535954937760973,0.84087663103169
2765,0.00977032290623468,0.061106415850988,0.140198525303253,0.00749956500381273,0.0656262091431715,0.71579896179254
2766,0.0269060114289058,0.166363235901466,0.0722721410019597,0.028701166394764,0.44065051207308,0.265106933199825
2767,0.0207042304172486,0.0582801644320049,0.0534168521667581,0.0576517779529245,0.223305193347539,0.586641781683525
2768,0.0259802105915542,0.244371523168854,0.310730744342149,0.0166241599420588,0.0970667374836279,0.305226624471756
2769,0.0377248789885529,0.168573246604279,0.0502745774774798,0.0302537915034785,0.651304066396724,0.0618694390294857
2770,0.00427973858973398,0.0184111916395798,0.0781458067825075,0.00966013542620779,0.0704389859664578,0.819064141595513
2771,0.0125074319788121,0.103513245143055,0.52480603357253,0.0169933600033616,0.0722470783338055,0.269932850968436
2772,0.0465213489356756,0.0274632657542654,0.0461152012069272,0.67684173433068,0.144344041604107,0.0587144081683447
2773,0.0775819571652685,0.293468305270641,0.104737601857964,0.0280287156418743,0.359557415029892,0.136626005034361
2774,0.0539979805126094,0.665898971218567,0.0536443914289764,0.0140921670626543,0.144520417404551,0.0678460723726424
2775,0,0.00780000445653126,0.0314589952348715,0.00686657369227992,0.0624294123546791,0.891445014261638
2776,0.0121012998197954,0.0346854905384259,0.097153864420715,0.0711941462593115,0.294845453582125,0.490019745379627
2777,0,0.0226800991252922,0.0656168502247114,0.0108369858863139,0.0935812442402435,0.807284820523439
2778,0.0842075255041126,0.168014786526391,0.229902453848383,0.141517209868563,0.132020679286432,0.244337344966118
2779,0.041341645630363,0.104486547281274,0.326693125115816,0.0774771989792165,0.149294751249484,0.300706731743846
2780,0.0660494731048672,0.110940827417399,0.424387010889895,0.064893576189578,0.130526812887353,0.203202299510908
2781,0.0125743373030966,0.0216105050572893,0.014085582722709,0.161160575703049,0.691810480752881,0.0987585184609745
2782,0.00520601996534407,0.0239486641742386,0.111564982138748,0.0349796207681698,0.104717355093842,0.719583357859658
2783,0.519442367563655,0.242772549795622,0.0349858539472718,0.0908466604793788,0.0720447365413318,0.03990783167274
2784,0.0826202491773182,0.133625325992777,0.03263035511881,0.107515644257872,0.533130416520331,0.110478008932892
2785,0,0.0111260087171927,0.0279515382440849,0.0253546302042725,0.149189742189471,0.786378080644979
2786,0.0173859839298555,0.0606056807190656,0.0422120432945233,0.0349422471333696,0.409830937585323,0.435023107337863
2787,0.00463146298364792,0.0152348606578009,0.0379317932864046,0.0242983573694881,0.153894068704769,0.76400945699789
2788,0.00908179604624996,0.0435440921347691,0.0934699015585749,0.0237705155456965,0.112796627621877,0.717337067092833
2789,0.0261826577631234,0.104241378305572,0.436540666354414,0.0262797985421067,0.0832503922930018,0.323505106741782
2790,0.167193456332248,0.157861974572257,0.0478860919401345,0.198332164719042,0.356474500584985,0.0722518118513337
2791,0.0400725627709489,0.0150137169156081,0.0142091230292805,0.745113080858915,0.1619746273641,0.0236168890611472
2792,0.623640533521538,0.188604521604667,0.0129290509494072,0.089531641769928,0.07643994233011,0.00885430982434941
2793,0,0.0355566434248668,0.0518933444610809,0.0155649137926708,0.198447670777561,0.698537427543821
2794,0.756945661718116,0.102557561262909,0.0135375715508153,0.0635925798151426,0.0477467703545259,0.0156198552984909
2795,0.515100729201111,0.0372865005630156,0.0317935413547945,0.282349208723444,0.110606838183998,0.0228631819736368
2796,0,0.0147840505397405,0.0453279265807667,0.0134108383861436,0.144161205478935,0.782315979014415
2797,0.0326430833395325,0.0623197833814368,0.0808205418783026,0.28834440415851,0.206553529386353,0.329318657855865
2798,0.0135325481018571,0.294443390885971,0.29162500569022,0.00638298796628877,0.225813660907745,0.168202406447918
2799,0.0410668948839565,0.114599401118383,0.651681436249261,0.0109081652980246,0.0502066508365447,0.131537451613831
2800,0.00580880704226224,0.0274380307398245,0.082221009320195,0.0537992795536854,0.19875355346078,0.631979319883253
2801,0,0.0278238801512857,0.0276564053629181,0.0885423886798867,0.577369520166054,0.278607805639855
2802,0.0275226353860848,0.0857830923886867,0.0703088398468869,0.0774272901575856,0.412728491984403,0.326229650236353
2803,0.0543336546516478,0.777506738709184,0.0368998460222519,0,0.0857122221569826,0.0455475384599341
2804,0.026084013087043,0.135998283521586,0.111112690376268,0.0396894604964494,0.354708519371008,0.332407033147646
2805,0.182134935736946,0.210923028561494,0.23404413974022,0.104477642924982,0.117477393079458,0.1509428599569
2806,0.055325464124478,0.0786017083695051,0.0749682607094236,0.151553048752466,0.364590976234783,0.274960541809344
2807,0.0206684406772154,0.100746951032492,0.132733542184975,0.0191264311145199,0.127332311146658,0.599392323844141
2808,0.0131940320244356,0.0507667422185874,0.067377813828682,0.0577536094709724,0.280402616120209,0.530505186337113
2809,0,0.0631041251186732,0.63464428220642,0.0112037749785328,0.0343591121412538,0.256688705555121
2810,0.00686587759779896,0.0192662290300064,0,0.0435051653619847,0.436319264442987,0.494043463567223
2811,0.0070760137848826,0.0978100194991829,0.101368344017243,0.0140263019682411,0.489555992023514,0.290163328706937
2812,0.638971965326386,0.235952839826268,0.0463418926272068,0.0269054025399163,0.0385252994179851,0.0133026002622374
2813,0.249917929039764,0.220442342859639,0.0874223349787003,0.147435840379926,0.193816455510917,0.100965097231053
2814,0.0302210034011479,0.251470477174072,0.419348985726659,0.00869013823261457,0.126449155488866,0.163820239976641
2815,0.0144020029029157,0.0689046075412388,0.177975935256748,0.0260315053160484,0.0808811201024472,0.631804828880601
2816,0.458666739206243,0.172557988436646,0.18111393299652,0.0420463047410552,0.0864457006474353,0.0591693339721007
2817,0.0945604269212676,0.523832152657121,0.0627043089114859,0.0315985324879002,0.183143681334799,0.104160897687426
2818,0.312315498197978,0.361194870740173,0.14291576920724,0.0393019371928384,0.0715285953336085,0.0727433293281625
2819,0.519169001380895,0.283604770064146,0.0414813859999004,0.0298325136919879,0.0845769594590079,0.0413353694040628
2820,0.196882756290708,0.584651791853836,0.101033111667038,0.0362980675575529,0.0559959050450085,0.0251383675858564
2821,0,0.0189229731336973,0.0318346621698393,0.0133711999616197,0.319300938092076,0.616570226642767
2822,0.093101387655917,0.275952354579293,0.0888939735025902,0.0645621143735318,0.33455255989888,0.142937609989787
2823,0.0148461281423059,0.065160887949248,0.106461749259018,0.0566856914183369,0.234945924098548,0.521899619132544
2824,0.0194520138343035,0.0942211417564467,0.120762234546038,0.0316932494959933,0.202856488589181,0.531014871778038
2825,0.00583676775601279,0.174874529390419,0.150615461793897,0.0171165109965838,0.0645574185309178,0.586999311532169
2826,0.0467869438938996,0.176304006714323,0.0480075463093672,0.0857831996185331,0.47763943870241,0.165478864761467
2827,0.0703233955884806,0.63884290678179,0.0959011469161437,0.011211224877105,0.0979888079157183,0.085732517920762
2828,0.0334828593950472,0.151495077355893,0.130134164161558,0.0411487138006783,0.33612145455884,0.307617730727984
2829,0.0256866946285363,0.025642704345887,0.0138183631099414,0.177492760253235,0.68620492302572,0.0711545546366803
2830,0,0.0328502733312656,0.107448597973919,0.0132179351773345,0.108380011238265,0.738103182279216
2831,0.628805062266006,0.20967865978182,0.0266417366323871,0.0606592299255321,0.0537439307350677,0.0204713806591874
2832,0.0340789513613213,0.266852328774086,0.112352462827511,0.0317186192746651,0.348480479699978,0.206517158062439
2833,0.234588877479792,0.0606300947595185,0.0591806853656017,0.51436119220107,0.0801772256457794,0.0510619245482389
2834,0.0102336295454356,0.0231939091139413,0.0716014315128451,0.0267874683689588,0.206606032346806,0.661577529112013
2835,0.234511057532235,0.256047767784973,0.0479048362254354,0.103471516501563,0.270042208996803,0.0880226129589911
2836,0.0151884815109322,0.0539943353802196,0.11988354865419,0.0439425412703367,0.260114212616042,0.50687688056828
2837,0.0576025819771021,0.261103146072974,0.344761018552425,0.0258580521530629,0.125027290366298,0.185647910878138
2838,0.0873635357433305,0.171371767528925,0.40436033675566,0.0663900596393145,0.10165460520468,0.16885969512809
2839,0.120325359564437,0.145734253137582,0.196235236834998,0.123464451005394,0.171352285253208,0.24288841420438
2840,0.23204451537428,0.126727248787039,0.101930770226257,0.250001319662408,0.185756724475577,0.103539421474439
2841,0.287318350460742,0.0694505017049294,0.0341776423624337,0.384210818159872,0.174268774555688,0.050573912756334
2842,0.0106924879534393,0.0330764296504568,0.0335024719447988,0.0608144765985336,0.513119873954794,0.348794259897978
2843,0.193685821040319,0.143220359056346,0.14506582549275,0.106736399347733,0.26664358413772,0.144648010925132
2844,0.0164592866623755,0.0604884916407511,0.708026643097698,0.0143302767521148,0.0267122150722253,0.173983086774835
2845,0.289324778266672,0.553900539392135,0.032628031048543,0.041479660940952,0.0629951687656774,0.0196718215860201
2846,0.00569026787271346,0.0232646565109862,0.0476407065210309,0.0435345247388342,0.30724244273008,0.572627401626355
2847,0.00837201131310147,0.0268851134554558,0.0382496766869505,0.0189456866864728,0.305863098725759,0.60168441313226
